25711 200508  1.201 -170.2119   57.1575 -9999.0 -9999.0 -9999.0 -9999.0 -9999.0 -9999.0 U -9999.0 -9999.0 -9999.0
25711 200509 -9.000 -170.2119   57.1575 -9999.0 -9999.0 -9999.0 -9999.0 -9999.0 -9999.0 U -9999.0 -9999.0 -9999.0
25711 200510  1.201 -170.2119   57.1575 -9999.0 -9999.0 -9999.0 -9999.0 -9999.0 -9999.0 U -9999.0 -9999.0 -9999.0
25711 200511  1.201 -170.2119   57.1575     0.9    -2.7    -0.9    -0.7    52.1     1.7 R -9999.0 -9999.0    -1.9
25711 200512  1.201 -170.2119   57.1575     0.6    -3.7    -1.5    -1.1    81.8     0.5 R -9999.0 -9999.0    -1.6
25711 200601  1.201 -170.2119   57.1575    -6.4   -11.2    -8.8    -8.6    10.9     1.3 R -9999.0 -9999.0    -9.3
25711 200602  1.201 -170.2119   57.1575    -0.7    -7.0    -3.8    -3.3    41.6     3.6 R -9999.0 -9999.0    -4.2
25711 200603  1.201 -170.2119   57.1575     0.6    -3.9    -1.6    -1.0    62.1     7.3 R -9999.0 -9999.0    -1.0
25711 200604  1.201 -170.2119   57.1575    -1.2    -5.6    -3.4    -3.1    45.1    12.0 R -9999.0 -9999.0    -2.8
25711 200605  1.201 -170.2119   57.1575     3.4    -1.6     0.9     0.9    30.0    16.4 R -9999.0 -9999.0     3.1
25711 200606  1.201 -170.2119   57.1575     7.5     1.9     4.7     4.8    14.2    15.4 R -9999.0 -9999.0     8.4
25711 200607  1.201 -170.2119   57.1575    10.3     6.4     8.3     8.0    26.5    13.7 R -9999.0 -9999.0    10.7
25711 200608  1.301 -170.2119   57.1575    10.4     7.5     9.0     8.8    97.5     8.1 R -9999.0 -9999.0     9.8
25711 200609  1.301 -170.2119   57.1575     9.1     4.5     6.8     7.0    72.2     7.1 R    12.8     3.5     7.2
25711 200610  1.301 -170.2119   57.1575     6.3     1.5     3.9     4.3    81.0     4.8 R     8.7     0.0     3.7
25711 200611  1.301 -170.2119   57.1575     3.6     0.0     1.8     2.0    41.3     1.6 R     4.1    -1.2     1.2
25711 200612  1.301 -170.2119   57.1575    -0.8    -7.8    -4.3    -3.4    73.7     1.0 R    -1.7   -10.4    -5.2
25711 200701  1.301 -170.2119   57.1575    -3.2    -8.8    -6.0    -5.4    56.5     1.3 R    -3.7   -10.4    -6.5
25711 200702  1.301 -170.2119   57.1575     1.0    -1.9    -0.5    -0.1    28.4     3.4 R     1.3    -2.9    -0.6
25711 200703  1.301 -170.2119   57.1575    -5.0   -11.2    -8.1    -7.8     8.1    11.3 R    -3.6   -13.2    -8.2
25711 200704  1.301 -170.2119   57.1575    -0.3    -3.3    -1.8    -1.8    21.2    12.2 R     4.3    -3.5    -0.8
25711 200705  1.301 -170.2119   57.1575     2.3    -1.8     0.2     0.1    29.4    13.7 R     9.7    -2.1     1.7
25711 200706  1.301 -170.2119   57.1575     7.1     1.9     4.5     4.3    44.5    14.2 R    16.0     1.7     6.3
25711 200707  1.301 -170.2119   57.1575     9.9     5.1     7.5     7.2    24.6    14.7 R    18.6     5.0     9.4
25711 200708  1.302 -170.2119   57.1575    10.8     7.5     9.1     9.0    75.5     9.1 R    15.6     7.6    10.1
25711 200709  1.302 -170.2119   57.1575     9.7     6.9     8.3     8.1    92.3     6.9 R    12.6     6.5     8.5
25711 200710  1.302 -170.2119   57.1575     5.7     0.7     3.2     3.4    97.4     5.3 R     8.7    -0.3     3.3
25711 200711  1.302 -170.2119   57.1575     2.3    -2.2     0.0     0.6    62.7     1.8 R     3.1    -3.1     0.5
25711 200712  1.302 -170.2119   57.1575    -0.4    -6.2    -3.3    -2.5    51.9     1.1 R     0.0    -7.4    -3.0
25711 200801  1.302 -170.2119   57.1575    -2.0    -7.4    -4.7    -3.9    43.0     1.4 R     0.5    -8.3    -4.3
25711 200802  1.302 -170.2119   57.1575    -6.1   -11.2    -8.6    -8.6    23.0     4.9 R    -4.9   -11.6    -8.4
25711 200803  1.302 -170.2119   57.1575    -6.3   -11.7    -9.0    -8.7    39.1     9.7 R    -3.6   -11.9    -7.8
25711 200804  1.302 -170.2119   57.1575    -0.5    -4.8    -2.6    -2.2    30.9    12.3 R     4.3    -4.8    -0.7
25711 200805  1.302 -170.2119   57.1575     2.3    -1.0     0.7     0.3    19.8    13.6 R    10.8    -0.4     2.9
25711 200806  1.302 -170.2119   57.1575     6.5     1.9     4.2     4.0    39.2    13.1 R    14.0     2.4     6.2
25711 200807  1.302 -170.2119   57.1575     8.7     4.5     6.6     6.4    55.0    13.2 R    14.2     4.8     8.1
25711 200808  1.302 -170.2119   57.1575    10.6     5.3     7.9     8.2    18.4    10.8 R    16.2     5.0     9.6
25711 200809  1.302 -170.2119   57.1575     9.4     5.7     7.6     7.7    24.0     6.1 R    12.8     5.0     8.0
25711 200810  1.302 -170.2119   57.1575     4.4    -1.1     1.6     2.1    92.9     4.7 R     6.6    -3.1     1.6
25711 200811  1.302 -170.2119   57.1575     0.5    -4.8    -2.2    -1.5    39.9     2.1 R     0.4    -7.0    -2.7
25711 200812  1.302 -170.2119   57.1575     0.3    -3.2    -1.5    -1.3    74.3     0.8 R    -0.2    -4.4    -2.0
25711 200901  1.302 -170.2119   57.1575    -6.0   -10.5    -8.3    -7.7    15.3     1.7 R    -6.2   -11.8    -8.3
25711 200902  1.302 -170.2119   57.1575    -1.1    -7.6    -4.4    -4.0    72.7     4.0 R    -1.5    -9.1    -4.7
25711 200903  1.302 -170.2119   57.1575    -4.9    -9.9    -7.4    -7.0    49.8    10.4 R    -3.4   -11.4    -7.1
25711 200904  1.302 -170.2119   57.1575    -1.1    -5.2    -3.2    -3.0    22.9    14.2 R     1.5    -6.0    -2.5
25711 200905  1.302 -170.2119   57.1575     4.1    -1.3     1.4     1.3    11.2    17.0 R    12.8    -1.8     3.3
25711 200906  1.302 -170.2119   57.1575     7.0     2.3     4.7     4.6    53.1    14.4 R    13.9     1.3     5.8
25711 200907  1.302 -170.2119   57.1575     8.3     5.4     6.9     6.6    96.0    10.4 R    13.2     4.9     7.5
25711 200908  1.302 -170.2119   57.1575    10.4     6.2     8.3     8.3    56.8    10.4 R    15.5     5.1     9.0
25711 200909  1.302 -170.2119   57.1575     8.5     3.4     6.0     6.3    29.2     7.2 R    12.7     2.1     6.4
25711 200910  1.302 -170.2119   57.1575     5.6     0.2     2.9     3.2    71.7     3.9 R     8.3    -1.2     2.8
25711 200911  1.302 -170.2119   57.1575     0.8    -3.8    -1.5    -1.1    53.7     1.7 R     0.8    -5.6    -1.9
25711 200912  1.302 -170.2119   57.1575     1.5    -2.2    -0.4    -0.1    20.1     0.8 R     1.6    -3.0    -0.6
25711 201001  1.302 -170.2119   57.1575    -2.2    -6.6    -4.4    -4.3     4.9     1.4 R    -1.9    -7.3    -4.7
25711 201002  1.302 -170.2119   57.1575    -5.7    -9.8    -7.7    -7.6     7.6     4.1 R    -4.4   -10.5    -7.7
25711 201003  1.302 -170.2119   57.1575    -8.9   -16.3   -12.6   -11.9     8.0    10.0 R    -7.0   -17.7   -11.8
25711 201004  1.302 -170.2119   57.1575    -1.5    -6.9    -4.2    -3.7    25.4    13.1 R     4.0    -7.9    -2.9
25711 201005  1.302 -170.2119   57.1575     3.0    -1.9     0.6     0.3    19.7    15.5 R    11.9    -2.7     2.0
25711 201006  1.302 -170.2119   57.1575     6.0     1.8     3.9     3.6    70.2    13.2 R    14.2     1.5     5.3
25711 201007  1.302 -170.2119   57.1575     9.7     4.8     7.3     6.9    16.8    13.5 R    17.8     4.4     8.5
25711 201008  1.302 -170.2119   57.1575    10.2     7.0     8.6     8.3    76.5     8.9 R    13.7     6.5     8.8
25711 201009  2.404 -170.2119   57.1575     9.3     5.6     7.5     7.5    89.8     7.2 R    11.8     5.1     7.6
25711 201010  2.404 -170.2119   57.1575     5.4     1.5     3.4     3.6   155.3     3.7 R     6.1     1.0     3.3
25711 201011  2.404 -170.2119   57.1575     2.6    -1.6     0.5     0.9    58.2     1.8 R     3.2    -2.1     0.5
25711 201012  2.404 -170.2119   57.1575    -0.2    -4.1    -2.2    -1.8    37.8     0.6 R    -0.4    -4.3    -2.1
25711 201101  2.404 -170.2119   57.1575    -1.0    -5.9    -3.5    -2.9    71.1     1.3 R    -0.5    -6.1    -3.0
25711 201102  2.404 -170.2119   57.1575     0.3    -3.9    -1.8    -1.4    30.3     3.8 R     1.8    -4.1    -1.2
25711 201103  2.404 -170.2119   57.1575    -0.3    -6.0    -3.1    -2.5    54.2     9.1 R     1.2    -6.7    -2.5
25711 201104  2.404 -170.2119   57.1575    -0.6    -5.8    -3.2    -3.0    47.5    14.3 R    -0.4    -7.3    -3.9
25711 201105  2.404 -170.2119   57.1575     4.0    -0.3     1.9     1.6    49.1    13.9 R     4.6    -1.6     0.9
25711 201106  2.404 -170.2119   57.1575 -9999.0 -9999.0 -9999.0 -9999.0 -9999.0 -9999.0 U -9999.0 -9999.0 -9999.0
25711 201107  2.404 -170.2119   57.1575     9.0     5.3     7.2     6.9    64.3    12.4 R    11.9     5.7     7.9
25711 201108  2.404 -170.2119   57.1575    11.0     6.6     8.8     8.7    68.8    11.1 R    17.5     6.0    10.1
25711 201109  2.404 -170.2119   57.1575     8.9     4.1     6.5     6.7    45.3     8.2 R    14.4     3.1     7.2
25711 201110  2.404 -170.2119   57.1575     6.6     0.7     3.6     4.2    88.1     5.0 R    10.4    -0.9     3.9
25711 201111  2.404 -170.2119   57.1575     2.3    -2.1     0.1     0.3    97.9     1.3 R     4.0    -3.5    -0.4
25711 201112  2.404 -170.2119   57.1575    -0.2    -5.3    -2.8    -2.0    63.3     0.9 R     0.8    -6.8    -3.1
25711 201201  2.404 -170.2119   57.1575    -7.2   -12.8   -10.0    -9.5    17.2     1.6 R    -5.9   -14.0   -10.2
25711 201202  2.404 -170.2119   57.1575    -3.6   -10.7    -7.1    -6.5    29.2     4.3 R    -0.6   -11.7    -6.7
25711 201203  2.404 -170.2119   57.1575    -7.6   -13.0   -10.3    -9.8    25.1    10.0 R    -4.7   -13.9    -9.8
25711 201204  2.404 -170.2119   57.1575    -2.0    -6.5    -4.3    -4.0    25.0    14.5 R     0.7    -6.9    -3.5
25711 201205  2.404 -170.2119   57.1575     0.5    -3.1    -1.3    -1.2     9.1    16.5 R     7.2    -3.4     0.3
25711 201206  2.414 -170.2119   57.1575     7.4     1.7     4.5     4.2     5.5    16.1 R    19.9     1.5     7.4
25711 201207  2.414 -170.2119   57.1575     8.9     4.7     6.8     6.5    57.1    13.4 C    16.2     5.0     8.8
25711 201208  2.414 -170.2119   57.1575    10.7     5.9     8.3     8.2    74.5    11.3 C    15.1     5.8     9.5
25711 201209  2.414 -170.2119   57.1575     7.7     1.6     4.6     5.2   122.9     7.4 C    11.0     0.6     5.5
25711 201210  2.414 -170.2119   57.1575     5.2     1.2     3.2     3.4   100.2     3.9 C     7.3     0.4     3.4
25711 201211  2.414 -170.2119   57.1575     1.1    -2.2    -0.6    -0.4    58.7     1.3 C     1.2    -3.1    -0.8
25711 201212  2.414 -170.2119   57.1575    -0.8    -6.4    -3.6    -2.9    35.7     0.8 C    -0.9    -7.6    -3.5
25711 201301  2.414 -170.2119   57.1575    -1.6    -7.1    -4.4    -3.7    37.9     1.6 C    -1.9    -8.5    -4.5
25711 201302  2.414 -170.2119   57.1575    -6.4   -13.4    -9.9    -9.3    18.0     4.4 C    -6.5   -14.3    -9.6
25711 201303  2.414 -170.2119   57.1575    -1.8    -8.2    -5.0    -4.5    43.7     9.7 C    -1.2    -9.5    -4.7
25711 201304  2.414 -170.2119   57.1575    -2.5    -6.6    -4.5    -4.2     2.2    17.4 C    -0.9    -8.4    -4.3
25711 201305  2.414 -170.2119   57.1575     1.9    -2.0     0.0     0.1    23.5    15.9 C     5.7    -2.3     1.3
25711 201306  2.414 -170.2119   57.1575     7.1     3.2     5.1     4.7    40.7    12.9 C    15.1     3.5     7.1
25711 201307  2.414 -170.2119   57.1575    10.2     6.4     8.3     8.0    39.2    11.9 C    16.0     6.9     9.8
25711 201308  2.424 -170.2119   57.1575    11.4     7.6     9.5     9.4    89.2     9.9 C    15.1     7.6    10.4
25711 201309  2.424 -170.2119   57.1575 -9999.0 -9999.0 -9999.0 -9999.0    77.3     7.0 U -9999.0 -9999.0 -9999.0
25711 201310  2.424 -170.2119   57.1575 -9999.0 -9999.0 -9999.0 -9999.0    55.8     3.5 U -9999.0 -9999.0 -9999.0
25711 201311  2.424 -170.2119   57.1575     3.5    -0.6     1.5     2.0    95.8     1.4 C     3.2    -2.4     0.9
25711 201312  2.424 -170.2119   57.1575     2.3    -1.3     0.5     1.0    87.0     0.5 C     1.9    -2.5     0.1
25711 201401  2.424 -170.2119   57.1575     0.8    -3.3    -1.2    -0.9    79.7     1.3 C    -0.2    -5.6    -2.3
25711 201402  2.424 -170.2119   57.1575    -1.8    -5.8    -3.8    -3.3    17.0     3.9 C    -1.7    -7.4    -4.1
25711 201403  2.424 -170.2119   57.1575    -1.9    -6.8    -4.4    -3.8    18.5     9.3 C    -1.2    -8.9    -4.5
25711 201404  2.424 -170.2119   57.1575     2.5    -0.8     0.9     0.8    25.2    10.5 C     8.5    -1.9     1.7
25711 201405  2.424 -170.2119   57.1575     5.9     0.6     3.3     3.3    17.8    14.9 C    16.7    -0.6     5.8
25711 201406  2.424 -170.2119   57.1575     8.8     3.3     6.1     6.2    24.3    16.7 C    17.7     2.1     8.6
25711 201407  2.424 -170.2119   57.1575    12.2     7.0     9.6     9.6    27.6    15.7 C    19.8     6.0    11.5
25711 201408  2.424 -170.2119   57.1575    13.6     8.4    11.0    11.3   100.5     9.9 C    18.1     7.3    12.0
25711 201409  2.424 -170.2119   57.1575    11.9     6.4     9.2     9.6    90.4     7.8 C    16.2     4.7     9.6
25711 201410  2.424 -170.2119   57.1575     6.0     0.5     3.3     3.7    44.4     4.9 C     8.6    -2.0     2.9
25711 201411  2.424 -170.2119   57.1575     4.6     0.7     2.6     3.1    62.6     1.8 C     4.8    -1.1     2.0
25711 201412  2.424 -170.2119   57.1575     2.9    -1.7     0.6     1.3    77.3     0.7 C     2.2    -3.8     0.0
25711 201501  2.424 -170.2119   57.1575     0.9    -2.7    -0.9 -9999.0    28.0     1.5 C    -0.2    -5.0    -2.2
25711 201502  2.424 -170.2119   57.1575    -0.4    -4.5    -2.4    -2.0    25.2     3.7 C    -0.6    -6.3    -3.0
25711 201503  2.424 -170.2119   57.1575 -9999.0 -9999.0 -9999.0 -9999.0    17.4     6.7 C     0.7    -6.3    -3.0
25711 201504  2.424 -170.2119   57.1575     0.9    -4.6    -1.9    -1.6    30.2    12.5 C     6.0    -6.2    -0.8
25711 201505  2.424 -170.2119   57.1575     6.3     1.7     4.0     4.0    52.3    13.9 C    15.7     0.3     6.0
25711 201506  2.424 -170.2119   57.1575     9.3     3.3     6.3     6.4    21.4    16.7 C    19.0     2.8     9.2
25711 201507  2.424 -170.2119   57.1575    10.9     7.9     9.4     9.1    46.3    11.3 C    15.8     7.6    10.2
25711 201508  2.424 -170.2119   57.1575    12.1     8.0    10.1    10.1    60.5     9.6 C    16.4     7.3    10.9
25711 201509  2.424 -170.2119   57.1575    10.2     5.9     8.0     8.5   107.1     6.7 C    12.7     4.6     8.3
25711 201510  2.424 -170.2119   57.1575 -9999.0 -9999.0 -9999.0 -9999.0   104.4     4.1 C     9.1     0.8     4.7
25711 201511  2.424 -170.2119   57.1575 -9999.0 -9999.0 -9999.0 -9999.0   107.1     1.6 C     3.2    -3.3     0.7
25711 201512  2.424 -170.2119   57.1575     2.2    -2.9    -0.3     0.4   100.0     0.7 C     1.3    -5.5    -1.2
25711 201601  2.424 -170.2119   57.1575     1.4    -3.5    -1.1    -0.6    35.3     1.4 C     0.6    -5.4    -1.9
25711 201602  2.424 -170.2119   57.1575     1.9    -1.4     0.3     0.5    31.9     2.7 C     2.2    -2.3    -0.2
25711 201603  2.424 -170.2119   57.1575    -0.6    -3.9    -2.2    -2.0    26.9     7.7 C     0.0    -4.9    -2.4
25711 201604  2.424 -170.2119   57.1575     3.8 -9999.0 -9999.0 -9999.0    34.3    11.5 C     9.0    -1.1     2.8
25711 201605  2.424 -170.2119   57.1575 -9999.0 -9999.0 -9999.0 -9999.0    21.1    14.9 C    15.5     0.0     6.4
25711 201606  2.424 -170.2119   57.1575    10.7     5.5     8.1     8.0    41.8    17.0 C    18.4     4.6    10.0
25711 201607  2.424 -170.2119   57.1575    13.0     8.6    10.8    10.8    18.8    13.0 C    18.0     8.1    11.9
25711 201608  2.424 -170.2119   57.1575    13.4     9.5    11.4    11.2    75.0     9.8 C    16.6     9.1    11.8
25711 201609  2.424 -170.2119   57.1575    11.8     7.4     9.6     9.8   115.8     7.2 C    15.0     6.3     9.8
25711 201610  2.424 -170.2119   57.1575     8.7     4.4     6.6     7.1   137.3     3.5 C    10.1     3.3     6.6
25711 201611  2.424 -170.2119   57.1575     3.4    -2.0     0.7     1.2    99.5     1.5 C     3.1    -3.9     0.3
25711 201612  2.424 -170.2119   57.1575     3.2    -2.2     0.5     0.9    82.4     0.7 C     2.5    -3.6     0.1
25711 201701  2.424 -170.2119   57.1575    -0.7    -6.2    -3.4    -3.0    52.8     1.6 C    -0.8    -8.2    -4.1
25711 201702  2.424 -170.2119   57.1575    -2.0    -5.9    -3.9    -3.5    33.7     3.5 C    -1.7    -6.9    -4.0
25711 201703  2.424 -170.2119   57.1575    -0.5    -6.0    -3.3    -3.0     2.5    10.6 C     3.2    -7.9    -2.8
25711 201704  2.424 -170.2119   57.1575     1.7    -2.8    -0.5    -0.4    29.8    10.7 C     6.2    -3.9     0.5
25711 201705  2.424 -170.2119   57.1575     5.4     1.0     3.2     3.0    42.7    12.8 C    10.9     0.5     4.3
25711 201706  2.424 -170.2119   57.1575     9.3     4.5     6.9     6.6    24.3    15.3 C    16.2     4.1     8.4
25711 201707  2.424 -170.2119   57.1575    10.6     7.5     9.1     8.7    98.9     9.6 C    14.0     7.4     9.5
25711 201708  2.424 -170.2119   57.1575    12.1     7.0     9.6     9.7    51.8    10.8 C    15.8     6.3    10.3
25711 201709  2.424 -170.2119   57.1575     9.9     4.9     7.4     7.7    43.1     7.2 C    12.5     4.1     7.7
25711 201710  2.424 -170.2119   57.1575     7.2     1.5     4.4     4.9    98.4     4.2 C     8.8     0.1     4.3
25711 201711  2.424 -170.2119   57.1575     6.0     2.3     4.2     4.5   113.9     1.1 C     6.1     1.2     3.8
25711 201712  2.424 -170.2119   57.1575     2.2    -2.8    -0.3     0.3    53.7     0.9 C     1.5    -4.5    -1.0
25711 201801  2.424 -170.2119   57.1575     1.1    -2.7    -0.8    -0.2    28.1     1.6 C     0.9    -4.6    -1.3
25711 201802  2.424 -170.2119   57.1575     3.4    -0.1     1.7     2.0    61.3     3.2 C     4.0    -1.3     1.4
25711 201803  2.424 -170.2119   57.1575     3.3    -2.0     0.7     0.9    59.8     7.5 C     5.6    -3.3     0.7
25711 201804  2.424 -170.2119   57.1575     4.4    -1.0     1.7     1.9    55.7    11.0 C     8.6    -2.1     2.4
25711 201805  2.424 -170.2119   57.1575     6.1     1.4     3.8     3.6    41.3    13.2 C    10.8     0.7     4.5
25711 201806  2.424 -170.2119   57.1575     9.0     4.7     6.8     6.5    30.8    13.8 C    13.7     4.3     7.5
25711 201807  2.424 -170.2119   57.1575    10.8     7.4     9.1     8.7   103.6    11.9 C    14.2     7.0     9.4
25711 201808  2.424 -170.2119   57.1575    11.7     8.6    10.1     9.8   121.8     9.4 C    14.1     8.1    10.2
25711 201809  2.424 -170.2119   57.1575    11.3     6.6     8.9     9.1    76.0     6.7 C    13.9     5.6     9.3
25711 201810  2.424 -170.2119   57.1575     8.3     4.2     6.2     6.5   104.9     4.2 C     9.9     3.1     6.1
25711 201811  2.424 -170.2119   57.1575     4.3     0.1     2.2     2.6    76.5     1.6 C     4.4    -1.1     1.9
25711 201812  2.424 -170.2119   57.1575    -0.1    -5.1    -2.6    -2.0    50.9     0.8 C    -0.7    -6.7    -3.0
25711 201901  2.424 -170.2119   57.1575     1.7    -3.4    -0.9    -0.2    59.4     1.5 C     1.4    -4.6    -1.1
25711 201902  2.424 -170.2119   57.1575     3.9    -0.9     1.5     2.2    84.3     3.2 C     4.2    -2.2     1.5
25711 201903  2.424 -170.2119   57.1575     2.6    -3.1    -0.3     0.4    47.0     6.8 C     5.0    -4.6     0.1
25711 201904  2.424 -170.2119   57.1575     3.6    -1.3     1.2     1.4    22.5     9.5 C     7.7    -2.4     1.9
25711 201905  2.424 -170.2119   57.1575     6.6     1.5     4.1     4.0    50.5    11.7 C    11.5     0.8     4.9
25711 201906  2.424 -170.2119   57.1575    10.1     5.8     7.9     7.7    22.3    12.0 C    15.1     5.3     9.0
25711 201907  2.424 -170.2119   57.1575    12.8     8.7    10.7    10.5    62.5    12.3 C    17.0     8.4    11.5
25711 201908  2.424 -170.2119   57.1575    13.5     9.6    11.5    11.5   106.0     9.6 C    16.6     9.0    12.1
25711 201909  2.424 -170.2119   57.1575    12.1     7.4     9.7     9.9    71.4     7.4 C    14.8     6.0     9.8
25711 201910  2.424 -170.2119   57.1575     8.3     3.1     5.7     6.0   123.0     3.7 C    10.1     1.6     5.4
25711 201911  2.424 -170.2119   57.1575     4.4    -0.4     2.0     2.4    81.3     1.4 C     4.4    -2.3     1.4
25711 201912  2.424 -170.2119   57.1575     1.0    -4.5    -1.7    -1.0    89.4     0.7 C     0.2    -7.0    -2.5
25711 202001  2.424 -170.2119   57.1575    -2.0    -7.0    -4.5    -3.8    56.1     1.4 C    -2.7    -9.5    -5.5
25711 202002  2.424 -170.2119   57.1575    -0.7    -5.6    -3.1    -2.5    62.2     2.9 C    -0.8    -6.7    -3.2
25711 202003  2.424 -170.2119   57.1575     1.3    -3.8    -1.2    -1.0    46.0     7.6 C     3.0    -5.1    -1.3
25711 202004  2.424 -170.2119   57.1575     3.3    -1.5     0.9     1.0    43.9     9.8 C     8.5    -2.7     1.9
25711 202005  2.424 -170.2119   57.1575     6.3     0.9     3.6 -9999.0    38.7    15.2 C    14.7    -0.3     5.6
25711 202006  2.424 -170.2119   57.1575    10.3     4.7     7.5     7.4    14.5    15.0 C    17.2     4.0     9.1
25711 202007  2.424 -170.2119   57.1575    11.2     7.3     9.3     9.1    38.2    12.1 C    16.5     6.9    10.3
25711 202008  2.424 -170.2119   57.1575    12.6     8.3    10.5    10.2    57.8     9.8 C    16.2     7.7    10.9